168.54 437.61 -434.55
172.08 426.99 -441.39
182.69 490.67 -485.86
198.61 503.05 -508.09
166.77 524.28 -501.25
182.69 465.91 -492.70
170.31 414.61 -453.37
147.32 349.17 -420.87
99.56 297.87 -415.74
51.80 264.26 -414.03
-13.65 258.96 -405.48
-100.32 313.79 -420.87
-137.46 396.92 -443.10
-132.16 504.82 -479.02
-110.93 557.89 -509.80
-38.41 616.26 -532.04
27.04 618.03 -554.27
85.41 584.42 -525.20
131.40 503.05 -487.57
175.62 441.14 -468.76
177.38 375.70 -449.95
138.47 326.17 -443.10
124.32 315.56 -432.84
90.71 264.26 -420.87
41.19 257.19 -434.55
-10.11 234.19 -422.58
-68.48 253.65 -417.45
-128.62 335.02 -437.97
-162.23 386.31 -460.21
-171.07 458.83 -475.60
-144.54 520.74 -487.57
-103.86 543.73 -492.70
-109.16 563.19 -501.25
-64.94 547.27 -506.38
-36.64 586.19 -489.28
2.27 593.26 -499.54
73.03 561.42 -502.96
78.33 545.50 -470.47
131.40 520.74 -463.63
157.93 462.37 -455.08
186.23 423.46 -444.82
157.93 345.63 -431.13
143.78 289.03 -434.55
96.02 266.03 -426.00
12.89 250.11 -417.45
-52.56 255.42 -426.00
-98.55 304.95 -426.00
-125.08 331.48 -420.87
-148.08 439.38 -456.79
-116.24 527.82 -460.21
-82.63 582.65 -496.12
-31.33 584.42 -511.51
16.42 589.72 -520.07
81.87 570.27 -501.25
110.17 556.12 -511.51
134.93 495.98 -473.89
175.62 462.37 -479.02
172.08 395.15 -458.50
154.39 359.78 -444.82
175.62 381.00 -448.24
188.00 442.91 -449.95
154.39 518.97 -485.86
101.33 582.65 -520.07
76.56 625.10 -533.75
-22.49 632.18 -547.43
-80.86 563.19 -525.20
-107.39 557.89 -509.80
-126.85 524.28 -508.09
-146.31 395.15 -482.44
-110.93 296.10 -468.76
-20.72 262.49 -422.58
81.87 255.42 -439.68
129.63 303.18 -451.66
170.31 368.62 -460.21
170.31 460.60 -487.57
147.32 529.58 -509.80
96.02 573.80 -514.94
41.19 614.49 -547.43
-57.87 582.65 -520.07
-100.32 547.27 -509.80
-132.16 529.58 -492.70
-132.16 483.60 -496.12
-148.08 386.31 -484.15
-103.86 281.95 -444.82
-36.64 253.65 -437.97
32.34 234.19 -439.68
111.94 281.95 -441.39
154.39 331.48 -468.76
166.77 418.15 -477.31
145.55 471.21 -487.57
119.01 522.51 -499.54
35.88 538.43 -501.25
-22.49 533.12 -465.34
-72.02 526.05 -479.02
-96.78 536.66 -465.34
-125.08 504.82 -479.02
-162.23 418.15 -467.05
-126.85 329.71 -463.63
-75.56 267.80 -444.82
-17.18 234.19 -439.68
69.49 250.11 -434.55
152.62 322.63 -449.95
165.00 377.47 -458.50
180.92 425.22 -487.57
163.23 495.98 -494.41
111.94 550.81 -506.38
50.03 563.19 -494.41
-27.80 549.04 -470.47
-73.79 531.35 -467.05
-89.71 501.28 -451.66
-133.93 488.90 -463.63
-146.31 458.83 -468.76
-137.46 372.16 -449.95
-105.62 280.18 -436.26
-26.03 232.42 -444.82
25.27 230.66 -436.26
64.18 262.49 -432.84
110.17 294.33 -436.26
147.32 324.40 -448.24
152.62 379.24 -456.79
165.00 405.77 -472.18
143.78 448.22 -479.02
147.32 501.28 -479.02
96.02 527.82 -484.15
55.34 536.66 -502.96
64.18 552.58 -504.67
65.95 557.89 -509.80
73.03 561.42 -506.38
41.19 600.34 -523.49
37.65 653.40 -557.69
41.19 674.63 -574.79
25.27 672.86 -603.87